#include "kernels/aderdg/DGMatrices.h"

#if EXAHYPE_ORDER==3
  const double exahype::aderdg::Kxi[4][4] =
  {
    {-1.159052426214e+00, 	-4.940375280205e-01, 	2.143589543620e-01, 	-2.019743218664e-01},
    {1.690628261612e+00, 	-2.506939833478e-01, 	-9.590904657303e-01, 	7.335501572644e-01},
    {-7.335501572644e-01, 	9.590904657303e-01, 	2.506939833478e-01, 	-1.690628261612e+00},
    {2.019743218664e-01, 	-2.143589543620e-01, 	4.940375280205e-01, 	1.159052426214e+00}
  };

  const double exahype::aderdg::F0[4] =
  {
    1.526788125457e+00, 	-8.136324494869e-01, 	4.007615203117e-01, 	-1.139171962820e-01
  };

  const double exahype::aderdg::iK1[4][4] =
  {
    {5.464353624196e-01, 	-1.443261832933e-01, 	1.014623598289e-01, 	-6.687578310368e-02},
    {1.018853316771e+00, 	5.847599728573e-01, 	-1.702637242678e-01, 	1.014623598289e-01},
    {1.024010506693e+00, 	1.000743778553e+00, 	5.847599728573e-01, 	-1.443261832933e-01},
    {9.740050582644e-01, 	1.024010506693e+00, 	1.018853316771e+00, 	5.464353624196e-01}
  };

  const double exahype::aderdg::FLCoeff[4] =
  {
    1.526788125457e+00, 	-8.136324494869e-01, 	4.007615203117e-01, 	-1.139171962820e-01
  };

  const double exahype::aderdg::FRCoeff[4] =
  {
    -1.139171962820e-01, 	4.007615203117e-01, 	-8.136324494869e-01, 	1.526788125457e+00
  };

  const double exahype::aderdg::FCoeff[2][4] =
  {
    {1.526788125457e+00, 	-8.136324494869e-01, 	4.007615203117e-01, 	-1.139171962820e-01},
    {-1.139171962820e-01, 	4.007615203117e-01, 	-8.136324494869e-01, 	1.526788125457e+00}
  };

  const double exahype::aderdg::dudx[4][4] =
  {
    {-6.664000472705e+00, 	9.720308831370e+00, 	-4.217564696990e+00, 	1.161256338325e+00},
    {-1.515115229598e+00, 	-7.688287844464e-01, 	2.941340462561e+00, 	-6.573964485165e-01},
    {6.573964485165e-01, 	-2.941340462561e+00, 	7.688287844464e-01, 	1.515115229598e+00},
    {-1.161256338325e+00, 	4.217564696990e+00, 	-9.720308831370e+00, 	6.664000472705e+00}
  };

  const double exahype::aderdg::subOutputMatrix[16][16] =
  {
    {2.331081980037e+00, 	-7.571630086950e-03, 	-3.345693151058e-03, 	-1.739274225687e-01, 	-7.571630086950e-03, 	2.459355040473e-05, 	1.086720722016e-05, 	5.649368477577e-04, 	-3.345693151058e-03, 	1.086720722016e-05, 	4.801917202783e-06, 	2.496299106821e-04, 	-1.739274225687e-01, 	5.649368477577e-04, 	2.496299106821e-04, 	1.297712760875e-02},
    {-1.242244362363e+00, 	1.522671933639e+00, 	1.503351505620e-02, 	6.118779303520e-01, 	4.034956672465e-03, 	-4.945818604419e-03, 	-4.883063568204e-05, 	-1.987451915749e-03, 	1.782935345343e-03, 	-2.185419948038e-03, 	-2.157690239580e-05, 	-8.781998309771e-04, 	9.268672744960e-02, 	-1.136100776822e-01, 	-1.121685358244e-03, 	-4.565362877161e-02},
    {6.118779303520e-01, 	1.503351505620e-02, 	1.522671933639e+00, 	-1.242244362363e+00, 	-1.987451915749e-03, 	-4.883063568204e-05, 	-4.945818604419e-03, 	4.034956672465e-03, 	-8.781998309771e-04, 	-2.157690239580e-05, 	-2.185419948038e-03, 	1.782935345343e-03, 	-4.565362877161e-02, 	-1.121685358244e-03, 	-1.136100776822e-01, 	9.268672744960e-02},
    {-1.739274225687e-01, 	-3.345693151058e-03, 	-7.571630086950e-03, 	2.331081980037e+00, 	5.649368477577e-04, 	1.086720722016e-05, 	2.459355040473e-05, 	-7.571630086950e-03, 	2.496299106821e-04, 	4.801917202783e-06, 	1.086720722016e-05, 	-3.345693151058e-03, 	1.297712760875e-02, 	2.496299106821e-04, 	5.649368477577e-04, 	-1.739274225687e-01},
    {-1.242244362363e+00, 	4.034956672465e-03, 	1.782935345343e-03, 	9.268672744960e-02, 	1.522671933639e+00, 	-4.945818604419e-03, 	-2.185419948038e-03, 	-1.136100776822e-01, 	1.503351505620e-02, 	-4.883063568204e-05, 	-2.157690239580e-05, 	-1.121685358244e-03, 	6.118779303520e-01, 	-1.987451915749e-03, 	-8.781998309771e-04, 	-4.565362877161e-02},
    {6.619977628581e-01, 	-8.114389118403e-01, 	-8.011429664424e-03, 	-3.260725774313e-01, 	-8.114389118403e-01, 	9.946153062601e-01, 	9.819951265574e-03, 	3.996810748566e-01, 	-8.011429664424e-03, 	9.819951265574e-03, 	9.695350780478e-05, 	3.946097201764e-03, 	-3.260725774313e-01, 	3.996810748566e-01, 	3.946097201764e-03, 	1.606097961625e-01},
    {-3.260725774313e-01, 	-8.011429664424e-03, 	-8.114389118403e-01, 	6.619977628581e-01, 	3.996810748566e-01, 	9.819951265574e-03, 	9.946153062601e-01, 	-8.114389118403e-01, 	3.946097201764e-03, 	9.695350780478e-05, 	9.819951265574e-03, 	-8.011429664424e-03, 	1.606097961625e-01, 	3.946097201763e-03, 	3.996810748566e-01, 	-3.260725774313e-01},
    {9.268672744960e-02, 	1.782935345343e-03, 	4.034956672465e-03, 	-1.242244362363e+00, 	-1.136100776822e-01, 	-2.185419948038e-03, 	-4.945818604419e-03, 	1.522671933639e+00, 	-1.121685358244e-03, 	-2.157690239580e-05, 	-4.883063568204e-05, 	1.503351505620e-02, 	-4.565362877161e-02, 	-8.781998309771e-04, 	-1.987451915749e-03, 	6.118779303520e-01},
    {6.118779303520e-01, 	-1.987451915749e-03, 	-8.781998309771e-04, 	-4.565362877161e-02, 	1.503351505620e-02, 	-4.883063568204e-05, 	-2.157690239580e-05, 	-1.121685358244e-03, 	1.522671933639e+00, 	-4.945818604419e-03, 	-2.185419948038e-03, 	-1.136100776822e-01, 	-1.242244362363e+00, 	4.034956672465e-03, 	1.782935345343e-03, 	9.268672744960e-02},
    {-3.260725774313e-01, 	3.996810748566e-01, 	3.946097201764e-03, 	1.606097961625e-01, 	-8.011429664424e-03, 	9.819951265574e-03, 	9.695350780478e-05, 	3.946097201763e-03, 	-8.114389118403e-01, 	9.946153062601e-01, 	9.819951265574e-03, 	3.996810748566e-01, 	6.619977628581e-01, 	-8.114389118403e-01, 	-8.011429664424e-03, 	-3.260725774313e-01},
    {1.606097961625e-01, 	3.946097201763e-03, 	3.996810748566e-01, 	-3.260725774313e-01, 	3.946097201763e-03, 	9.695350780478e-05, 	9.819951265574e-03, 	-8.011429664424e-03, 	3.996810748566e-01, 	9.819951265574e-03, 	9.946153062601e-01, 	-8.114389118403e-01, 	-3.260725774313e-01, 	-8.011429664424e-03, 	-8.114389118403e-01, 	6.619977628581e-01},
    {-4.565362877161e-02, 	-8.781998309771e-04, 	-1.987451915749e-03, 	6.118779303520e-01, 	-1.121685358244e-03, 	-2.157690239580e-05, 	-4.883063568204e-05, 	1.503351505620e-02, 	-1.136100776822e-01, 	-2.185419948038e-03, 	-4.945818604419e-03, 	1.522671933639e+00, 	9.268672744960e-02, 	1.782935345343e-03, 	4.034956672465e-03, 	-1.242244362363e+00},
    {-1.739274225687e-01, 	5.649368477577e-04, 	2.496299106821e-04, 	1.297712760875e-02, 	-3.345693151058e-03, 	1.086720722016e-05, 	4.801917202783e-06, 	2.496299106821e-04, 	-7.571630086950e-03, 	2.459355040473e-05, 	1.086720722016e-05, 	5.649368477577e-04, 	2.331081980037e+00, 	-7.571630086950e-03, 	-3.345693151058e-03, 	-1.739274225687e-01},
    {9.268672744960e-02, 	-1.136100776822e-01, 	-1.121685358244e-03, 	-4.565362877161e-02, 	1.782935345343e-03, 	-2.185419948038e-03, 	-2.157690239580e-05, 	-8.781998309771e-04, 	4.034956672465e-03, 	-4.945818604419e-03, 	-4.883063568204e-05, 	-1.987451915749e-03, 	-1.242244362363e+00, 	1.522671933639e+00, 	1.503351505620e-02, 	6.118779303520e-01},
    {-4.565362877161e-02, 	-1.121685358244e-03, 	-1.136100776822e-01, 	9.268672744960e-02, 	-8.781998309771e-04, 	-2.157690239580e-05, 	-2.185419948038e-03, 	1.782935345343e-03, 	-1.987451915749e-03, 	-4.883063568204e-05, 	-4.945818604419e-03, 	4.034956672465e-03, 	6.118779303520e-01, 	1.503351505620e-02, 	1.522671933639e+00, 	-1.242244362363e+00},
    {1.297712760875e-02, 	2.496299106821e-04, 	5.649368477577e-04, 	-1.739274225687e-01, 	2.496299106821e-04, 	4.801917202783e-06, 	1.086720722016e-05, 	-3.345693151058e-03, 	5.649368477577e-04, 	1.086720722016e-05, 	2.459355040473e-05, 	-7.571630086950e-03, 	-1.739274225687e-01, 	-3.345693151058e-03, 	-7.571630086950e-03, 	2.331081980037e+00}
  };

#elif EXAHYPE_ORDER==4
  const double exahype::aderdg::Kxi[5][5] =
  {
    {-1.200518144782e+00, 	-4.596060639300e-01, 	1.713312197563e-01, 	-1.169847996191e-01, 	1.307284012760e-01},
    {1.824799516392e+00, 	-3.629695921020e-01, 	-8.165764223060e-01, 	4.444344937741e-01, 	-4.644712559813e-01},
    {-9.580242263155e-01, 	1.150025350187e+00, 	-2.526374171591e-16, 	-1.150025350187e+00, 	9.580242263155e-01},
    {4.644712559813e-01, 	-4.444344937741e-01, 	8.165764223060e-01, 	3.629695921020e-01, 	-1.824799516392e+00},
    {-1.307284012760e-01, 	1.169847996191e-01, 	-1.713312197563e-01, 	4.596060639300e-01, 	1.200518144782e+00}
  };

  const double exahype::aderdg::F0[5] =
  {
    1.551408049094e+00, 	-8.931583920001e-01, 	5.333333333333e-01, 	-2.679416522234e-01, 	7.635866179581e-02
  };

  const double exahype::aderdg::iK1[5][5] =
  {
    {5.301929579283e-01, 	-1.241048583247e-01, 	8.564165145834e-02, 	-6.570229466849e-02, 	4.359889088090e-02},
    {1.039448773669e+00, 	5.593404320166e-01, 	-1.510505700585e-01, 	1.024564478621e-01, 	-6.570229466849e-02},
    {1.006509145702e+00, 	1.021862735861e+00, 	5.703125000000e-01, 	-1.510505700585e-01, 	8.564165145834e-02},
    {9.810462100124e-01, 	1.016224416171e+00, 	1.021862735861e+00, 	5.593404320166e-01, 	-1.241048583247e-01},
    {1.016787024976e+00, 	9.810462100124e-01, 	1.006509145702e+00, 	1.039448773669e+00, 	5.301929579283e-01}
  };

  const double exahype::aderdg::FLCoeff[5] =
  {
    1.551408049094e+00, 	-8.931583920001e-01, 	5.333333333333e-01, 	-2.679416522234e-01, 	7.635866179581e-02
  };

  const double exahype::aderdg::FRCoeff[5] =
  {
    7.635866179581e-02, 	-2.679416522234e-01, 	5.333333333333e-01, 	-8.931583920001e-01, 	1.551408049094e+00
  };

  const double exahype::aderdg::FCoeff[2][5] =
  {
    {1.551408049094e+00, 	-8.931583920001e-01, 	5.333333333333e-01, 	-2.679416522234e-01, 	7.635866179581e-02},
    {7.635866179581e-02, 	-2.679416522234e-01, 	5.333333333333e-01, 	-8.931583920001e-01, 	1.551408049094e+00}
  };

  const double exahype::aderdg::dudx[5][5] =
  {
    {-1.013408119131e+01, 	1.540390417034e+01, 	-8.087087508775e+00, 	3.920798231667e+00, 	-1.103533701927e+00},
    {-1.920512047264e+00, 	-1.516706434336e+00, 	4.805501304329e+00, 	-1.857116053288e+00, 	4.888332305587e-01},
    {6.023363194557e-01, 	-2.870776484669e+00, 	-8.881784197001e-16, 	2.870776484669e+00, 	-6.023363194557e-01},
    {-4.888332305587e-01, 	1.857116053288e+00, 	-4.805501304329e+00, 	1.516706434336e+00, 	1.920512047264e+00},
    {1.103533701927e+00, 	-3.920798231667e+00, 	8.087087508775e+00, 	-1.540390417034e+01, 	1.013408119131e+01}
  };

  const double exahype::aderdg::subOutputMatrix[25][25] =
  {
    {2.406866934795e+00, 	-4.994795624752e-02, 	0.000000000000e+00, 	1.442763756867e-02, 	1.184634425281e-01, 	-4.994795624752e-02, 	1.036533552079e-03, 	-0.000000000000e+00, 	-2.994062528415e-04, 	-2.458385529663e-03, 	0.000000000000e+00, 	-0.000000000000e+00, 	0.000000000000e+00, 	0.000000000000e+00, 	0.000000000000e+00, 	1.442763756867e-02, 	-2.994062528415e-04, 	0.000000000000e+00, 	8.648451761237e-05, 	7.101130474743e-04, 	1.184634425281e-01, 	-2.458385529663e-03, 	0.000000000000e+00, 	7.101130474743e-04, 	5.830645231247e-03},
    {-1.385653118465e+00, 	1.493580316152e+00, 	-0.000000000000e+00, 	-5.532855308352e-02, 	-4.156868359470e-01, 	2.875544980688e-02, 	-3.099518432234e-02, 	0.000000000000e+00, 	1.148193158792e-03, 	8.626446104850e-03, 	-0.000000000000e+00, 	0.000000000000e+00, 	-0.000000000000e+00, 	-0.000000000000e+00, 	-0.000000000000e+00, 	-8.306109781186e-03, 	8.953064737239e-03, 	-0.000000000000e+00, 	-3.316595111877e-04, 	-2.491778388082e-03, 	-6.820037958483e-02, 	7.351244199906e-02, 	-0.000000000000e+00, 	-2.723212809823e-03, 	-2.045966600314e-02},
    {8.274176261836e-01, 	1.486766047049e-01, 	1.551408049094e+00, 	1.486766047049e-01, 	8.274176261836e-01, 	-1.717079527480e-02, 	-3.085377275941e-03, 	-3.219524114026e-02, 	-3.085377275941e-03, 	-1.717079527480e-02, 	0.000000000000e+00, 	0.000000000000e+00, 	0.000000000000e+00, 	0.000000000000e+00, 	0.000000000000e+00, 	4.959842796430e-03, 	8.912217524835e-04, 	9.299705243306e-03, 	8.912217524835e-04, 	4.959842796430e-03, 	4.072461962443e-02, 	7.317705088765e-03, 	7.635866179581e-02, 	7.317705088765e-03, 	4.072461962443e-02},
    {-4.156868359470e-01, 	-5.532855308352e-02, 	0.000000000000e+00, 	1.493580316152e+00, 	-1.385653118465e+00, 	8.626446104850e-03, 	1.148193158792e-03, 	-0.000000000000e+00, 	-3.099518432234e-02, 	2.875544980688e-02, 	-0.000000000000e+00, 	-0.000000000000e+00, 	0.000000000000e+00, 	0.000000000000e+00, 	-0.000000000000e+00, 	-2.491778388082e-03, 	-3.316595111877e-04, 	0.000000000000e+00, 	8.953064737239e-03, 	-8.306109781186e-03, 	-2.045966600314e-02, 	-2.723212809823e-03, 	0.000000000000e+00, 	7.351244199906e-02, 	-6.820037958483e-02},
    {1.184634425281e-01, 	1.442763756867e-02, 	-0.000000000000e+00, 	-4.994795624752e-02, 	2.406866934795e+00, 	-2.458385529663e-03, 	-2.994062528415e-04, 	0.000000000000e+00, 	1.036533552079e-03, 	-4.994795624752e-02, 	0.000000000000e+00, 	0.000000000000e+00, 	-0.000000000000e+00, 	-0.000000000000e+00, 	0.000000000000e+00, 	7.101130474743e-04, 	8.648451761237e-05, 	-0.000000000000e+00, 	-2.994062528415e-04, 	1.442763756867e-02, 	5.830645231247e-03, 	7.101130474743e-04, 	-0.000000000000e+00, 	-2.458385529663e-03, 	1.184634425281e-01},
    {-1.385653118465e+00, 	2.875544980688e-02, 	-0.000000000000e+00, 	-8.306109781186e-03, 	-6.820037958483e-02, 	1.493580316152e+00, 	-3.099518432234e-02, 	0.000000000000e+00, 	8.953064737239e-03, 	7.351244199906e-02, 	-0.000000000000e+00, 	0.000000000000e+00, 	-0.000000000000e+00, 	-0.000000000000e+00, 	-0.000000000000e+00, 	-5.532855308352e-02, 	1.148193158792e-03, 	-0.000000000000e+00, 	-3.316595111877e-04, 	-2.723212809823e-03, 	-4.156868359470e-01, 	8.626446104850e-03, 	-0.000000000000e+00, 	-2.491778388082e-03, 	-2.045966600314e-02},
    {7.977319132002e-01, 	-8.598664898483e-01, 	0.000000000000e+00, 	3.185310372253e-02, 	2.393143352497e-01, 	-8.598664898483e-01, 	9.268406693146e-01, 	-0.000000000000e+00, 	-3.433411154230e-02, 	-2.579543002060e-01, 	0.000000000000e+00, 	-0.000000000000e+00, 	0.000000000000e+00, 	0.000000000000e+00, 	0.000000000000e+00, 	3.185310372253e-02, 	-3.433411154230e-02, 	0.000000000000e+00, 	1.271881192126e-03, 	9.555721937231e-03, 	2.393143352497e-01, 	-2.579543002060e-01, 	0.000000000000e+00, 	9.555721937231e-03, 	7.179272899620e-02},
    {-4.763511424000e-01, 	-8.559434590001e-02, 	-8.931583920001e-01, 	-8.559434590001e-02, 	-4.763511424000e-01, 	5.134536778247e-01, 	9.226120773412e-02, 	9.627256459213e-01, 	9.226120773412e-02, 	5.134536778247e-01, 	-0.000000000000e+00, 	-0.000000000000e+00, 	-0.000000000000e+00, 	-0.000000000000e+00, 	-0.000000000000e+00, 	-1.902050312409e-02, 	-3.417746655111e-03, 	-3.566344335768e-02, 	-3.417746655111e-03, 	-1.902050312409e-02, 	-1.429022145191e-01, 	-2.567774167141e-02, 	-2.679416522234e-01, 	-2.567774167141e-02, 	-1.429022145191e-01},
    {2.393143352497e-01, 	3.185310372253e-02, 	-0.000000000000e+00, 	-8.598664898483e-01, 	7.977319132002e-01, 	-2.579543002060e-01, 	-3.433411154230e-02, 	0.000000000000e+00, 	9.268406693146e-01, 	-8.598664898483e-01, 	0.000000000000e+00, 	0.000000000000e+00, 	-0.000000000000e+00, 	-0.000000000000e+00, 	0.000000000000e+00, 	9.555721937231e-03, 	1.271881192126e-03, 	-0.000000000000e+00, 	-3.433411154230e-02, 	3.185310372253e-02, 	7.179272899620e-02, 	9.555721937231e-03, 	-0.000000000000e+00, 	-2.579543002060e-01, 	2.393143352497e-01},
    {-6.820037958483e-02, 	-8.306109781186e-03, 	0.000000000000e+00, 	2.875544980688e-02, 	-1.385653118465e+00, 	7.351244199906e-02, 	8.953064737239e-03, 	-0.000000000000e+00, 	-3.099518432234e-02, 	1.493580316152e+00, 	-0.000000000000e+00, 	-0.000000000000e+00, 	0.000000000000e+00, 	0.000000000000e+00, 	-0.000000000000e+00, 	-2.723212809823e-03, 	-3.316595111877e-04, 	0.000000000000e+00, 	1.148193158792e-03, 	-5.532855308352e-02, 	-2.045966600314e-02, 	-2.491778388082e-03, 	0.000000000000e+00, 	8.626446104850e-03, 	-4.156868359470e-01},
    {8.274176261836e-01, 	-1.717079527480e-02, 	0.000000000000e+00, 	4.959842796430e-03, 	4.072461962443e-02, 	1.486766047049e-01, 	-3.085377275941e-03, 	0.000000000000e+00, 	8.912217524835e-04, 	7.317705088765e-03, 	1.551408049094e+00, 	-3.219524114026e-02, 	0.000000000000e+00, 	9.299705243306e-03, 	7.635866179581e-02, 	1.486766047049e-01, 	-3.085377275941e-03, 	0.000000000000e+00, 	8.912217524835e-04, 	7.317705088765e-03, 	8.274176261836e-01, 	-1.717079527480e-02, 	0.000000000000e+00, 	4.959842796430e-03, 	4.072461962443e-02},
    {-4.763511424000e-01, 	5.134536778247e-01, 	-0.000000000000e+00, 	-1.902050312409e-02, 	-1.429022145191e-01, 	-8.559434590001e-02, 	9.226120773412e-02, 	-0.000000000000e+00, 	-3.417746655111e-03, 	-2.567774167141e-02, 	-8.931583920001e-01, 	9.627256459213e-01, 	-0.000000000000e+00, 	-3.566344335768e-02, 	-2.679416522234e-01, 	-8.559434590001e-02, 	9.226120773412e-02, 	-0.000000000000e+00, 	-3.417746655111e-03, 	-2.567774167141e-02, 	-4.763511424000e-01, 	5.134536778247e-01, 	-0.000000000000e+00, 	-1.902050312409e-02, 	-1.429022145191e-01},
    {2.844444444444e-01, 	5.111111111111e-02, 	5.333333333333e-01, 	5.111111111111e-02, 	2.844444444444e-01, 	5.111111111111e-02, 	9.184027777778e-03, 	9.583333333333e-02, 	9.184027777778e-03, 	5.111111111111e-02, 	5.333333333333e-01, 	9.583333333333e-02, 	1.000000000000e+00, 	9.583333333333e-02, 	5.333333333333e-01, 	5.111111111111e-02, 	9.184027777778e-03, 	9.583333333333e-02, 	9.184027777778e-03, 	5.111111111111e-02, 	2.844444444444e-01, 	5.111111111111e-02, 	5.333333333333e-01, 	5.111111111111e-02, 	2.844444444444e-01},
    {-1.429022145191e-01, 	-1.902050312409e-02, 	0.000000000000e+00, 	5.134536778247e-01, 	-4.763511424000e-01, 	-2.567774167141e-02, 	-3.417746655111e-03, 	0.000000000000e+00, 	9.226120773412e-02, 	-8.559434590001e-02, 	-2.679416522234e-01, 	-3.566344335768e-02, 	0.000000000000e+00, 	9.627256459213e-01, 	-8.931583920001e-01, 	-2.567774167141e-02, 	-3.417746655111e-03, 	0.000000000000e+00, 	9.226120773412e-02, 	-8.559434590001e-02, 	-1.429022145191e-01, 	-1.902050312409e-02, 	0.000000000000e+00, 	5.134536778247e-01, 	-4.763511424000e-01},
    {4.072461962443e-02, 	4.959842796430e-03, 	-0.000000000000e+00, 	-1.717079527480e-02, 	8.274176261836e-01, 	7.317705088765e-03, 	8.912217524835e-04, 	-0.000000000000e+00, 	-3.085377275941e-03, 	1.486766047049e-01, 	7.635866179581e-02, 	9.299705243306e-03, 	-0.000000000000e+00, 	-3.219524114025e-02, 	1.551408049094e+00, 	7.317705088765e-03, 	8.912217524835e-04, 	-0.000000000000e+00, 	-3.085377275941e-03, 	1.486766047049e-01, 	4.072461962443e-02, 	4.959842796430e-03, 	-0.000000000000e+00, 	-1.717079527480e-02, 	8.274176261836e-01},
    {-4.156868359470e-01, 	8.626446104850e-03, 	-0.000000000000e+00, 	-2.491778388082e-03, 	-2.045966600314e-02, 	-5.532855308352e-02, 	1.148193158792e-03, 	-0.000000000000e+00, 	-3.316595111877e-04, 	-2.723212809823e-03, 	0.000000000000e+00, 	-0.000000000000e+00, 	0.000000000000e+00, 	0.000000000000e+00, 	0.000000000000e+00, 	1.493580316152e+00, 	-3.099518432234e-02, 	0.000000000000e+00, 	8.953064737239e-03, 	7.351244199906e-02, 	-1.385653118465e+00, 	2.875544980688e-02, 	-0.000000000000e+00, 	-8.306109781186e-03, 	-6.820037958483e-02},
    {2.393143352497e-01, 	-2.579543002060e-01, 	0.000000000000e+00, 	9.555721937231e-03, 	7.179272899620e-02, 	3.185310372253e-02, 	-3.433411154230e-02, 	0.000000000000e+00, 	1.271881192126e-03, 	9.555721937231e-03, 	-0.000000000000e+00, 	0.000000000000e+00, 	-0.000000000000e+00, 	-0.000000000000e+00, 	-0.000000000000e+00, 	-8.598664898483e-01, 	9.268406693146e-01, 	-0.000000000000e+00, 	-3.433411154230e-02, 	-2.579543002060e-01, 	7.977319132002e-01, 	-8.598664898483e-01, 	0.000000000000e+00, 	3.185310372253e-02, 	2.393143352497e-01},
    {-1.429022145191e-01, 	-2.567774167141e-02, 	-2.679416522234e-01, 	-2.567774167141e-02, 	-1.429022145191e-01, 	-1.902050312409e-02, 	-3.417746655111e-03, 	-3.566344335768e-02, 	-3.417746655111e-03, 	-1.902050312409e-02, 	0.000000000000e+00, 	0.000000000000e+00, 	0.000000000000e+00, 	0.000000000000e+00, 	0.000000000000e+00, 	5.134536778247e-01, 	9.226120773412e-02, 	9.627256459213e-01, 	9.226120773412e-02, 	5.134536778247e-01, 	-4.763511424000e-01, 	-8.559434590001e-02, 	-8.931583920001e-01, 	-8.559434590001e-02, 	-4.763511424000e-01},
    {7.179272899620e-02, 	9.555721937231e-03, 	-0.000000000000e+00, 	-2.579543002060e-01, 	2.393143352497e-01, 	9.555721937231e-03, 	1.271881192126e-03, 	-0.000000000000e+00, 	-3.433411154230e-02, 	3.185310372253e-02, 	-0.000000000000e+00, 	-0.000000000000e+00, 	0.000000000000e+00, 	0.000000000000e+00, 	-0.000000000000e+00, 	-2.579543002060e-01, 	-3.433411154230e-02, 	0.000000000000e+00, 	9.268406693146e-01, 	-8.598664898483e-01, 	2.393143352497e-01, 	3.185310372253e-02, 	-0.000000000000e+00, 	-8.598664898483e-01, 	7.977319132002e-01},
    {-2.045966600314e-02, 	-2.491778388082e-03, 	0.000000000000e+00, 	8.626446104850e-03, 	-4.156868359470e-01, 	-2.723212809823e-03, 	-3.316595111877e-04, 	0.000000000000e+00, 	1.148193158792e-03, 	-5.532855308352e-02, 	0.000000000000e+00, 	0.000000000000e+00, 	-0.000000000000e+00, 	-0.000000000000e+00, 	0.000000000000e+00, 	7.351244199906e-02, 	8.953064737239e-03, 	-0.000000000000e+00, 	-3.099518432234e-02, 	1.493580316152e+00, 	-6.820037958483e-02, 	-8.306109781186e-03, 	0.000000000000e+00, 	2.875544980688e-02, 	-1.385653118465e+00},
    {1.184634425281e-01, 	-2.458385529663e-03, 	0.000000000000e+00, 	7.101130474743e-04, 	5.830645231247e-03, 	1.442763756867e-02, 	-2.994062528415e-04, 	0.000000000000e+00, 	8.648451761237e-05, 	7.101130474743e-04, 	-0.000000000000e+00, 	0.000000000000e+00, 	-0.000000000000e+00, 	-0.000000000000e+00, 	-0.000000000000e+00, 	-4.994795624752e-02, 	1.036533552079e-03, 	-0.000000000000e+00, 	-2.994062528415e-04, 	-2.458385529663e-03, 	2.406866934795e+00, 	-4.994795624752e-02, 	0.000000000000e+00, 	1.442763756867e-02, 	1.184634425281e-01},
    {-6.820037958483e-02, 	7.351244199906e-02, 	-0.000000000000e+00, 	-2.723212809823e-03, 	-2.045966600314e-02, 	-8.306109781186e-03, 	8.953064737239e-03, 	-0.000000000000e+00, 	-3.316595111877e-04, 	-2.491778388082e-03, 	0.000000000000e+00, 	-0.000000000000e+00, 	0.000000000000e+00, 	0.000000000000e+00, 	0.000000000000e+00, 	2.875544980688e-02, 	-3.099518432234e-02, 	0.000000000000e+00, 	1.148193158792e-03, 	8.626446104850e-03, 	-1.385653118465e+00, 	1.493580316152e+00, 	-0.000000000000e+00, 	-5.532855308352e-02, 	-4.156868359470e-01},
    {4.072461962443e-02, 	7.317705088765e-03, 	7.635866179581e-02, 	7.317705088765e-03, 	4.072461962443e-02, 	4.959842796430e-03, 	8.912217524835e-04, 	9.299705243306e-03, 	8.912217524835e-04, 	4.959842796430e-03, 	-0.000000000000e+00, 	-0.000000000000e+00, 	-0.000000000000e+00, 	-0.000000000000e+00, 	-0.000000000000e+00, 	-1.717079527480e-02, 	-3.085377275941e-03, 	-3.219524114025e-02, 	-3.085377275941e-03, 	-1.717079527480e-02, 	8.274176261836e-01, 	1.486766047049e-01, 	1.551408049094e+00, 	1.486766047049e-01, 	8.274176261836e-01},
    {-2.045966600314e-02, 	-2.723212809823e-03, 	0.000000000000e+00, 	7.351244199906e-02, 	-6.820037958483e-02, 	-2.491778388082e-03, 	-3.316595111877e-04, 	0.000000000000e+00, 	8.953064737239e-03, 	-8.306109781186e-03, 	0.000000000000e+00, 	0.000000000000e+00, 	-0.000000000000e+00, 	-0.000000000000e+00, 	0.000000000000e+00, 	8.626446104850e-03, 	1.148193158792e-03, 	-0.000000000000e+00, 	-3.099518432234e-02, 	2.875544980688e-02, 	-4.156868359470e-01, 	-5.532855308352e-02, 	0.000000000000e+00, 	1.493580316152e+00, 	-1.385653118465e+00},
    {5.830645231247e-03, 	7.101130474743e-04, 	-0.000000000000e+00, 	-2.458385529663e-03, 	1.184634425281e-01, 	7.101130474743e-04, 	8.648451761237e-05, 	-0.000000000000e+00, 	-2.994062528415e-04, 	1.442763756867e-02, 	-0.000000000000e+00, 	-0.000000000000e+00, 	0.000000000000e+00, 	0.000000000000e+00, 	-0.000000000000e+00, 	-2.458385529663e-03, 	-2.994062528415e-04, 	0.000000000000e+00, 	1.036533552079e-03, 	-4.994795624752e-02, 	1.184634425281e-01, 	1.442763756867e-02, 	-0.000000000000e+00, 	-4.994795624752e-02, 	2.406866934795e+00}
  };

#elif EXAHYPE_ORDER==5
  const double exahype::aderdg::Kxi[6][6] =
  {
    {-1.224169543734e+00, 	-4.413288217193e-01, 	1.517970442050e-01, 	-8.993719169484e-02, 	7.511859039061e-02, 	-9.186600192800e-02},
    {1.903292389724e+00, 	-4.238415570051e-01, 	-7.510722400319e-01, 	3.527291509737e-01, 	-2.728043343245e-01, 	3.239594478789e-01},
    {-1.096959317636e+00, 	1.258536155414e+00, 	-1.183945216212e-01, 	-9.804616767269e-01, 	5.910515206232e-01, 	-6.499299175974e-01},
    {6.499299175974e-01, 	-5.910515206232e-01, 	9.804616767269e-01, 	1.183945216212e-01, 	-1.258536155414e+00, 	1.096959317636e+00},
    {-3.239594478789e-01, 	2.728043343245e-01, 	-3.527291509737e-01, 	7.510722400319e-01, 	4.238415570051e-01, 	-1.903292389724e+00},
    {9.186600192800e-02, 	-7.511859039061e-02, 	8.993719169484e-02, 	-1.517970442050e-01, 	4.413288217193e-01, 	1.224169543734e+00}
  };

  const double exahype::aderdg::F0[6] =
  {
    1.565673200151e+00, 	-9.404628431763e-01, 	6.169300554305e-01, 	-3.792277021146e-01, 	1.918000140387e-01, 	-5.471272432927e-02
  };

  const double exahype::aderdg::iK1[6][6] =
  {
    {5.211587774607e-01, 	-1.121279645081e-01, 	7.427559998612e-02, 	-5.864797111316e-02, 	4.610489790781e-02, 	-3.064697333955e-02},
    {1.051567141625e+00, 	5.433344184832e-01, 	-1.360237335970e-01, 	9.355034129650e-02, 	-7.042817398909e-02, 	4.610489790781e-02},
    {9.945596520950e-01, 	1.037513327758e+00, 	5.559849445208e-01, 	-1.435332145435e-01, 	9.355034129650e-02, 	-5.864797111316e-02},
    {9.898127190320e-01, 	1.004960064542e+00, 	1.031563325502e+00, 	5.559849445208e-01, 	-1.360237335970e-01, 	7.427559998612e-02},
    {1.014455924976e+00, 	9.837593370226e-01, 	1.004960064542e+00, 	1.037513327758e+00, 	5.433344184832e-01, 	-1.121279645081e-01},
    {9.883294184181e-01, 	1.014455924976e+00, 	9.898127190320e-01, 	9.945596520950e-01, 	1.051567141625e+00, 	5.211587774607e-01}
  };

  const double exahype::aderdg::FLCoeff[6] =
  {
    1.565673200151e+00, 	-9.404628431763e-01, 	6.169300554305e-01, 	-3.792277021146e-01, 	1.918000140387e-01, 	-5.471272432927e-02
  };

  const double exahype::aderdg::FRCoeff[6] =
  {
    -5.471272432927e-02, 	1.918000140387e-01, 	-3.792277021146e-01, 	6.169300554305e-01, 	-9.404628431763e-01, 	1.565673200151e+00
  };

  const double exahype::aderdg::FCoeff[2][6] =
  {
    {1.565673200151e+00, 	-9.404628431763e-01, 	6.169300554305e-01, 	-3.792277021146e-01, 	1.918000140387e-01, 	-5.471272432927e-02},
    {-5.471272432927e-02, 	1.918000140387e-01, 	-3.792277021146e-01, 	6.169300554305e-01, 	-9.404628431763e-01, 	1.565673200151e+00}
  };

  const double exahype::aderdg::dudx[6][6] =
  {
    {-1.429065426354e+01, 	2.221856738979e+01, 	-1.280563336162e+01, 	7.587122057936e+00, 	-3.781822941719e+00, 	1.072421119155e+00},
    {-2.446650944503e+00, 	-2.349704562068e+00, 	6.977107593694e+00, 	-3.276687789275e+00, 	1.512380223978e+00, 	-4.164445218260e-01},
    {6.488246362813e-01, 	-3.210300803364e+00, 	-5.060525574187e-01, 	4.190777851582e+00, 	-1.507666794732e+00, 	3.844176676507e-01},
    {-3.844176676507e-01, 	1.507666794732e+00, 	-4.190777851582e+00, 	5.060525574187e-01, 	3.210300803364e+00, 	-6.488246362813e-01},
    {4.164445218260e-01, 	-1.512380223978e+00, 	3.276687789275e+00, 	-6.977107593694e+00, 	2.349704562068e+00, 	2.446650944503e+00},
    {-1.072421119155e+00, 	3.781822941719e+00, 	-7.587122057936e+00, 	1.280563336162e+01, 	-2.221856738979e+01, 	1.429065426354e+01}
  };

  const double exahype::aderdg::subOutputMatrix[36][36] =
  {
    {2.451332569671e+00, 	-8.568820727390e-02, 	1.821034860698e-02, 	1.177826425377e-02, 	-1.859007072001e-02, 	-8.566224618959e-02, 	-8.568820727390e-02, 	2.995296907754e-03, 	-6.365566815662e-04, 	-4.117182471244e-04, 	6.498301588291e-04, 	2.994389418171e-03, 	1.821034860698e-02, 	-6.365566815662e-04, 	1.352802147252e-04, 	8.749783717644e-05, 	-1.381010771971e-04, 	-6.363638230364e-04, 	1.177826425377e-02, 	-4.117182471244e-04, 	8.749783717644e-05, 	5.659269188853e-05, 	-8.932234171145e-05, 	-4.115935082314e-04, 	-1.859007072001e-02, 	6.498301588291e-04, 	-1.381010771971e-04, 	-8.932234171145e-05, 	1.409807602814e-04, 	6.496332788140e-04, 	-8.566224618959e-02, 	2.994389418171e-03, 	-6.363638230364e-04, 	-4.115935082314e-04, 	6.496332788140e-04, 	2.993482203530e-03},
    {-1.472457469299e+00, 	1.402577535171e+00, 	-8.715287043323e-02, 	-4.667357617433e-02, 	6.807030721497e-02, 	3.002961417689e-01, 	5.147087848966e-02, 	-4.902817187614e-02, 	3.046495330170e-03, 	1.631510599142e-03, 	-2.379449718900e-03, 	-1.049708161096e-02, 	-1.093852550105e-02, 	1.041940460458e-02, 	-6.474373050497e-04, 	-3.467265532980e-04, 	5.056776218395e-04, 	2.230826406259e-03, 	-7.074924630963e-03, 	6.739162629354e-03, 	-4.187557213321e-04, 	-2.242591318091e-04, 	3.270670312682e-04, 	1.442875338868e-03, 	1.116661558906e-02, 	-1.063666998583e-02, 	6.609376650279e-04, 	3.539564939378e-04, 	-5.162220094961e-04, 	-2.277343589156e-03, 	5.145528428063e-02, 	-4.901331773758e-02, 	3.045572328924e-03, 	1.631016297935e-03, 	-2.378728813460e-03, 	-1.049390129445e-02},
    {9.659108541552e-01, 	3.502229966236e-01, 	1.534410503332e+00, 	1.351005305658e-01, 	-1.509193608643e-01, 	-5.937466499557e-01, 	-3.376415362933e-02, 	-1.224231305783e-02, 	-5.363649423970e-02, 	-4.722542509803e-03, 	5.275501837401e-03, 	2.075486885748e-02, 	7.175514899553e-03, 	2.601720769187e-03, 	1.139875940034e-02, 	1.003628715675e-03, 	-1.121142927273e-03, 	-4.410798279147e-03, 	4.641048475668e-03, 	1.682765958816e-03, 	7.372599134696e-03, 	6.491366245106e-04, 	-7.251435954725e-04, 	-2.852858493986e-03, 	-7.325138706241e-03, 	-2.655971839789e-03, 	-1.163644628370e-02, 	-1.024556377459e-03, 	1.144520994906e-03, 	4.502772226424e-03, 	-3.375392405321e-02, 	-1.223860398593e-02, 	-5.362024391082e-02, 	-4.721111714036e-03, 	5.273903510720e-03, 	2.074858072382e-02},
    {-5.937466499557e-01, 	-1.509193608643e-01, 	1.351005305658e-01, 	1.534410503332e+00, 	3.502229966235e-01, 	9.659108541552e-01, 	2.075486885748e-02, 	5.275501837401e-03, 	-4.722542509803e-03, 	-5.363649423970e-02, 	-1.224231305783e-02, 	-3.376415362933e-02, 	-4.410798279147e-03, 	-1.121142927273e-03, 	1.003628715675e-03, 	1.139875940034e-02, 	2.601720769187e-03, 	7.175514899553e-03, 	-2.852858493986e-03, 	-7.251435954725e-04, 	6.491366245106e-04, 	7.372599134696e-03, 	1.682765958816e-03, 	4.641048475668e-03, 	4.502772226424e-03, 	1.144520994906e-03, 	-1.024556377459e-03, 	-1.163644628370e-02, 	-2.655971839789e-03, 	-7.325138706241e-03, 	2.074858072382e-02, 	5.273903510720e-03, 	-4.721111714036e-03, 	-5.362024391082e-02, 	-1.223860398593e-02, 	-3.375392405321e-02},
    {3.002961417689e-01, 	6.807030721497e-02, 	-4.667357617433e-02, 	-8.715287043323e-02, 	1.402577535171e+00, 	-1.472457469299e+00, 	-1.049708161096e-02, 	-2.379449718900e-03, 	1.631510599142e-03, 	3.046495330170e-03, 	-4.902817187614e-02, 	5.147087848966e-02, 	2.230826406259e-03, 	5.056776218395e-04, 	-3.467265532980e-04, 	-6.474373050497e-04, 	1.041940460458e-02, 	-1.093852550105e-02, 	1.442875338868e-03, 	3.270670312682e-04, 	-2.242591318091e-04, 	-4.187557213321e-04, 	6.739162629354e-03, 	-7.074924630963e-03, 	-2.277343589156e-03, 	-5.162220094961e-04, 	3.539564939378e-04, 	6.609376650279e-04, 	-1.063666998583e-02, 	1.116661558906e-02, 	-1.049390129445e-02, 	-2.378728813460e-03, 	1.631016297936e-03, 	3.045572328924e-03, 	-4.901331773758e-02, 	5.145528428063e-02},
    {-8.566224618959e-02, 	-1.859007072001e-02, 	1.177826425377e-02, 	1.821034860698e-02, 	-8.568820727390e-02, 	2.451332569671e+00, 	2.994389418171e-03, 	6.498301588291e-04, 	-4.117182471244e-04, 	-6.365566815662e-04, 	2.995296907754e-03, 	-8.568820727390e-02, 	-6.363638230364e-04, 	-1.381010771971e-04, 	8.749783717645e-05, 	1.352802147252e-04, 	-6.365566815662e-04, 	1.821034860698e-02, 	-4.115935082314e-04, 	-8.932234171145e-05, 	5.659269188853e-05, 	8.749783717644e-05, 	-4.117182471244e-04, 	1.177826425377e-02, 	6.496332788140e-04, 	1.409807602814e-04, 	-8.932234171145e-05, 	-1.381010771971e-04, 	6.498301588291e-04, 	-1.859007072001e-02, 	2.993482203530e-03, 	6.496332788140e-04, 	-4.115935082314e-04, 	-6.363638230364e-04, 	2.994389418171e-03, 	-8.566224618959e-02},
    {-1.472457469299e+00, 	5.147087848966e-02, 	-1.093852550105e-02, 	-7.074924630963e-03, 	1.116661558906e-02, 	5.145528428063e-02, 	1.402577535171e+00, 	-4.902817187614e-02, 	1.041940460458e-02, 	6.739162629354e-03, 	-1.063666998583e-02, 	-4.901331773758e-02, 	-8.715287043323e-02, 	3.046495330170e-03, 	-6.474373050497e-04, 	-4.187557213321e-04, 	6.609376650279e-04, 	3.045572328924e-03, 	-4.667357617433e-02, 	1.631510599142e-03, 	-3.467265532980e-04, 	-2.242591318091e-04, 	3.539564939378e-04, 	1.631016297935e-03, 	6.807030721497e-02, 	-2.379449718900e-03, 	5.056776218395e-04, 	3.270670312682e-04, 	-5.162220094961e-04, 	-2.378728813460e-03, 	3.002961417689e-01, 	-1.049708161096e-02, 	2.230826406259e-03, 	1.442875338868e-03, 	-2.277343589156e-03, 	-1.049390129445e-02},
    {8.844703593953e-01, 	-8.424951365168e-01, 	5.235066699149e-02, 	2.803571278213e-02, 	-4.088822281246e-02, 	-1.803807865241e-01, 	-8.424951365168e-01, 	8.025119751211e-01, 	-4.986620734684e-02, 	-2.670519301956e-02, 	3.894774821382e-02, 	1.718202693321e-01, 	5.235066699149e-02, 	-4.986620734684e-02, 	3.098568884013e-03, 	1.659397907613e-03, 	-2.420121503894e-03, 	-1.067650756939e-02, 	2.803571278213e-02, 	-2.670519301956e-02, 	1.659397907613e-03, 	8.886687754462e-04, 	-1.296064315514e-03, 	-5.717663535793e-03, 	-4.088822281246e-02, 	3.894774821382e-02, 	-2.420121503894e-03, 	-1.296064315514e-03, 	1.890223620274e-03, 	8.338832061626e-03, 	-1.803807865241e-01, 	1.718202693321e-01, 	-1.067650756939e-02, 	-5.717663535793e-03, 	8.338832061626e-03, 	3.678724538523e-02},
    {-5.801997939711e-01, 	-2.103706668279e-01, 	-9.216840809590e-01, 	-8.115169185901e-02, 	9.065368890205e-02, 	3.566495629419e-01, 	5.526646534123e-01, 	2.003868889280e-01, 	8.779427680807e-01, 	7.730039224612e-02, 	-8.635144320664e-02, 	-3.397236764665e-01, 	-3.434128219229e-02, 	-1.245157014805e-02, 	-5.455329947589e-02, 	-4.803264633098e-03, 	5.365675659845e-03, 	2.110963053075e-02, 	-1.839102306509e-02, 	-6.668275008113e-03, 	-2.921530370706e-02, 	-2.572325347679e-03, 	2.873517193314e-03, 	1.130498563835e-02, 	2.682208419947e-02, 	9.725235681550e-03, 	4.260857773766e-02, 	3.751565468636e-03, 	-4.190833747253e-03, 	-1.648756981015e-02, 	1.183271932924e-01, 	4.290344604645e-02, 	1.879702329016e-01, 	1.655025049714e-02, 	-1.848810820143e-02, 	-7.273587858943e-02},
    {3.566495629419e-01, 	9.065368890205e-02, 	-8.115169185901e-02, 	-9.216840809590e-01, 	-2.103706668279e-01, 	-5.801997939711e-01, 	-3.397236764665e-01, 	-8.635144320664e-02, 	7.730039224612e-02, 	8.779427680807e-01, 	2.003868889280e-01, 	5.526646534123e-01, 	2.110963053075e-02, 	5.365675659845e-03, 	-4.803264633098e-03, 	-5.455329947589e-02, 	-1.245157014805e-02, 	-3.434128219229e-02, 	1.130498563835e-02, 	2.873517193314e-03, 	-2.572325347679e-03, 	-2.921530370706e-02, 	-6.668275008113e-03, 	-1.839102306509e-02, 	-1.648756981015e-02, 	-4.190833747253e-03, 	3.751565468636e-03, 	4.260857773766e-02, 	9.725235681550e-03, 	2.682208419947e-02, 	-7.273587858943e-02, 	-1.848810820143e-02, 	1.655025049714e-02, 	1.879702329016e-01, 	4.290344604645e-02, 	1.183271932924e-01},
    {-1.803807865241e-01, 	-4.088822281246e-02, 	2.803571278213e-02, 	5.235066699149e-02, 	-8.424951365168e-01, 	8.844703593953e-01, 	1.718202693321e-01, 	3.894774821382e-02, 	-2.670519301956e-02, 	-4.986620734684e-02, 	8.025119751211e-01, 	-8.424951365168e-01, 	-1.067650756939e-02, 	-2.420121503894e-03, 	1.659397907613e-03, 	3.098568884013e-03, 	-4.986620734684e-02, 	5.235066699149e-02, 	-5.717663535793e-03, 	-1.296064315514e-03, 	8.886687754462e-04, 	1.659397907613e-03, 	-2.670519301956e-02, 	2.803571278213e-02, 	8.338832061626e-03, 	1.890223620274e-03, 	-1.296064315514e-03, 	-2.420121503894e-03, 	3.894774821382e-02, 	-4.088822281246e-02, 	3.678724538523e-02, 	8.338832061626e-03, 	-5.717663535793e-03, 	-1.067650756939e-02, 	1.718202693321e-01, 	-1.803807865241e-01},
    {5.145528428063e-02, 	1.116661558906e-02, 	-7.074924630963e-03, 	-1.093852550105e-02, 	5.147087848966e-02, 	-1.472457469299e+00, 	-4.901331773758e-02, 	-1.063666998583e-02, 	6.739162629354e-03, 	1.041940460458e-02, 	-4.902817187614e-02, 	1.402577535171e+00, 	3.045572328924e-03, 	6.609376650279e-04, 	-4.187557213321e-04, 	-6.474373050497e-04, 	3.046495330170e-03, 	-8.715287043323e-02, 	1.631016297935e-03, 	3.539564939378e-04, 	-2.242591318091e-04, 	-3.467265532980e-04, 	1.631510599142e-03, 	-4.667357617433e-02, 	-2.378728813460e-03, 	-5.162220094961e-04, 	3.270670312682e-04, 	5.056776218395e-04, 	-2.379449718900e-03, 	6.807030721497e-02, 	-1.049390129445e-02, 	-2.277343589156e-03, 	1.442875338868e-03, 	2.230826406259e-03, 	-1.049708161096e-02, 	3.002961417689e-01},
    {9.659108541552e-01, 	-3.376415362933e-02, 	7.175514899553e-03, 	4.641048475668e-03, 	-7.325138706241e-03, 	-3.375392405321e-02, 	3.502229966236e-01, 	-1.224231305783e-02, 	2.601720769187e-03, 	1.682765958816e-03, 	-2.655971839789e-03, 	-1.223860398593e-02, 	1.534410503332e+00, 	-5.363649423970e-02, 	1.139875940034e-02, 	7.372599134696e-03, 	-1.163644628370e-02, 	-5.362024391082e-02, 	1.351005305658e-01, 	-4.722542509803e-03, 	1.003628715675e-03, 	6.491366245106e-04, 	-1.024556377459e-03, 	-4.721111714036e-03, 	-1.509193608643e-01, 	5.275501837401e-03, 	-1.121142927273e-03, 	-7.251435954725e-04, 	1.144520994906e-03, 	5.273903510720e-03, 	-5.937466499557e-01, 	2.075486885748e-02, 	-4.410798279147e-03, 	-2.852858493986e-03, 	4.502772226424e-03, 	2.074858072382e-02},
    {-5.801997939711e-01, 	5.526646534123e-01, 	-3.434128219229e-02, 	-1.839102306509e-02, 	2.682208419947e-02, 	1.183271932924e-01, 	-2.103706668279e-01, 	2.003868889280e-01, 	-1.245157014805e-02, 	-6.668275008113e-03, 	9.725235681550e-03, 	4.290344604645e-02, 	-9.216840809590e-01, 	8.779427680807e-01, 	-5.455329947589e-02, 	-2.921530370706e-02, 	4.260857773766e-02, 	1.879702329016e-01, 	-8.115169185901e-02, 	7.730039224612e-02, 	-4.803264633098e-03, 	-2.572325347679e-03, 	3.751565468636e-03, 	1.655025049714e-02, 	9.065368890205e-02, 	-8.635144320664e-02, 	5.365675659845e-03, 	2.873517193314e-03, 	-4.190833747253e-03, 	-1.848810820143e-02, 	3.566495629419e-01, 	-3.397236764665e-01, 	2.110963053075e-02, 	1.130498563835e-02, 	-1.648756981015e-02, 	-7.273587858943e-02},
    {3.806026932935e-01, 	1.380001220556e-01, 	6.046114583697e-01, 	5.323433894291e-02, 	-5.946751190130e-02, 	-2.339569672863e-01, 	1.380001220556e-01, 	5.003651845593e-02, 	2.192219249139e-01, 	1.930187410945e-02, 	-2.156191757265e-02, 	-8.482885331653e-02, 	6.046114583697e-01, 	2.192219249139e-01, 	9.604635543399e-01, 	8.456611545521e-02, 	-9.446790506168e-02, 	-3.716554445864e-01, 	5.323433894291e-02, 	1.930187410945e-02, 	8.456611545521e-02, 	7.445808694010e-03, 	-8.317633428317e-03, 	-3.272321692420e-02, 	-5.946751190130e-02, 	-2.156191757265e-02, 	-9.446790506168e-02, 	-8.317633428317e-03, 	9.291539534653e-03, 	3.655475639466e-02, 	-2.339569672863e-01, 	-8.482885331653e-02, 	-3.716554445864e-01, 	-3.272321692420e-02, 	3.655475639466e-02, 	1.438136500511e-01},
    {-2.339569672863e-01, 	-5.946751190130e-02, 	5.323433894291e-02, 	6.046114583697e-01, 	1.380001220556e-01, 	3.806026932935e-01, 	-8.482885331653e-02, 	-2.156191757265e-02, 	1.930187410945e-02, 	2.192219249139e-01, 	5.003651845593e-02, 	1.380001220556e-01, 	-3.716554445864e-01, 	-9.446790506168e-02, 	8.456611545521e-02, 	9.604635543399e-01, 	2.192219249139e-01, 	6.046114583697e-01, 	-3.272321692420e-02, 	-8.317633428317e-03, 	7.445808694010e-03, 	8.456611545521e-02, 	1.930187410945e-02, 	5.323433894291e-02, 	3.655475639466e-02, 	9.291539534653e-03, 	-8.317633428317e-03, 	-9.446790506168e-02, 	-2.156191757265e-02, 	-5.946751190130e-02, 	1.438136500511e-01, 	3.655475639466e-02, 	-3.272321692420e-02, 	-3.716554445864e-01, 	-8.482885331653e-02, 	-2.339569672863e-01},
