#include "EulerFlow/dg/UniformGridProjector.h"

// explicit specialisation

/**
 * This matrix operator projects DoF located at N-th order Gauss-Legendre nodes, N=3, to DoF located at
 * uniformly distributed grid nodes.
 */
template <>
const double exahype::dg::UniformGridProjector<2,3,16>::matrix[16][16] =
{
    { 2.33108198003731,        -7.571630086949614E-003,   -3.345693151058254E-003,   -0.173927422568727,        -7.571630086949614E-003,    2.459355040472791E-005,    1.086720722016325E-005,    5.649368477576637E-004,   -3.345693151058254E-003,    1.086720722016325E-005,    4.801917202782776E-006,    2.496299106821161E-004,   -0.173927422568727,         5.649368477576637E-004,    2.496299106821161E-004,    1.297712760874944E-002},
    {-1.24224436236335,         1.52267193363907,          1.503351505620485E-002,    0.611877930352029,         4.034956672464739E-003,   -4.945818604419387E-003,   -4.883063568204007E-005,   -1.987451915749324E-003,    1.782935345342620E-003,   -2.185419948037743E-003,   -2.157690239580103E-005,   -8.781998309770794E-004,    9.268672744959863E-002,   -0.113610077682186,        -1.121685358243818E-003,   -4.565362877161105E-002},
    { 0.611877930352029,        1.503351505620460E-002,    1.52267193363907,         -1.24224436236335,         -1.987451915749323E-003,   -4.883063568203925E-005,   -4.945818604419385E-003,    4.034956672464743E-003,   -8.781998309770789E-004,   -2.157690239580067E-005,   -2.185419948037742E-003,    1.782935345342622E-003,   -4.565362877161103E-002,   -1.121685358243799E-003,   -0.113610077682186,         9.268672744959870E-002},
    {-0.173927422568727,       -3.345693151058201E-003,   -7.571630086949740E-003,    2.33108198003732,          5.649368477576634E-004,    1.086720722016307E-005,    2.459355040472832E-005,   -7.571630086949619E-003,    2.496299106821159E-004,    4.801917202782699E-006,    1.086720722016343E-005,   -3.345693151058257E-003,    1.297712760874944E-002,    2.496299106821121E-004,    5.649368477576731E-004,   -0.173927422568727     },
    {-1.24224436236335,         4.034956672464739E-003,    1.782935345342620E-003,    9.268672744959863E-002,    1.52267193363907,        -4.945818604419387E-003,    -2.185419948037743E-003,   -0.113610077682186,         1.503351505620485E-002,   -4.883063568204007E-005,   -2.157690239580103E-005,   -1.121685358243818E-003,    0.611877930352029,        -1.987451915749324E-003,   -8.781998309770794E-004,   -4.565362877161105E-002},
    { 0.661997762858097,       -0.811438911840311,        -8.011429664423931E-003,   -0.326072577431273,        -0.811438911840311,         0.994615306260070,         9.819951265573721E-003,    0.399681074856614,        -8.011429664423931E-003,    9.819951265573721E-003,    9.695350780478354E-005,    3.946097201763558E-003,   -0.326072577431273,         0.399681074856614,         3.946097201763558E-003,    0.160609796162506     },
    {-0.326072577431273,       -8.011429664423798E-003,   -0.811438911840311,         0.661997762858098,         0.399681074856613,         9.819951265573557E-003,    0.994615306260070,        -0.811438911840311,         3.946097201763555E-003,    9.695350780478193E-005,    9.819951265573718E-003,   -8.011429664423938E-003,    0.160609796162506,         3.946097201763492E-003,    0.399681074856614,        -0.326072577431274     },
    { 9.268672744959856E-002,   1.782935345342592E-003,    4.034956672464807E-003,   -1.24224436236335,         -0.113610077682186,        -2.185419948037708E-003,   -4.945818604419470E-003,    1.52267193363907,         -1.121685358243817E-003,   -2.157690239580068E-005,   -4.883063568204089E-005,    1.503351505620486E-002,   -4.565362877161103E-002,   -8.781998309770653E-004,   -1.987451915749357E-003,    0.611877930352030     },
    { 0.611877930352029,       -1.987451915749323E-003,   -8.781998309770789E-004,   -4.565362877161103E-002,    1.503351505620460E-002,   -4.883063568203925E-005,   -2.157690239580067E-005,   -1.121685358243799E-003,    1.52267193363907,         -4.945818604419385E-003,   -2.185419948037742E-003,   -0.113610077682186,        -1.24224436236335,          4.034956672464743E-003,    1.782935345342622E-003,    9.268672744959870E-002},
    {-0.326072577431273,        0.399681074856613,         3.946097201763555E-003,    0.160609796162506,        -8.011429664423798E-003,    9.819951265573557E-003,    9.695350780478193E-005,    3.946097201763492E-003,   -0.811438911840311,         0.994615306260070,         9.819951265573718E-003,    0.399681074856614,         0.661997762858098,        -0.811438911840311,        -8.011429664423938E-003,   -0.326072577431274     },
    { 0.160609796162505,        3.946097201763490E-003,    0.399681074856613,        -0.326072577431273,         3.946097201763490E-003,    9.695350780478030E-005,    9.819951265573553E-003,   -8.011429664423805E-003,    0.399681074856613,         9.819951265573553E-003,    0.994615306260070,        -0.811438911840311,        -0.326072577431273,        -8.011429664423805E-003,   -0.811438911840311,         0.661997762858098     },
    {-4.565362877161100E-002,  -8.781998309770648E-004,   -1.987451915749356E-003,    0.611877930352029,        -1.121685358243798E-003,   -2.157690239580032E-005,   -4.883063568204007E-005,    1.503351505620461E-002,   -0.113610077682186,        -2.185419948037707E-003,   -4.945818604419468E-003,    1.52267193363907,          9.268672744959865E-002,    1.782935345342593E-003,    4.034956672464811E-003,   -1.24224436236335      },
    {-0.173927422568727,        5.649368477576634E-004,    2.496299106821159E-004,    1.297712760874944E-002,   -3.345693151058201E-003,    1.086720722016307E-005,    4.801917202782699E-006,    2.496299106821121E-004,   -7.571630086949740E-003,    2.459355040472832E-005,    1.086720722016343E-005,    5.649368477576731E-004,    2.33108198003732,         -7.571630086949619E-003,   -3.345693151058257E-003,   -0.173927422568727     },
    { 9.268672744959856E-002,  -0.113610077682186,        -1.121685358243817E-003,   -4.565362877161103E-002,    1.782935345342592E-003,   -2.185419948037708E-003,   -2.157690239580068E-005,   -8.781998309770653E-004,    4.034956672464807E-003,   -4.945818604419470E-003,   -4.883063568204089E-005,   -1.987451915749357E-003,   -1.24224436236335,          1.52267193363907,          1.503351505620486E-002,    0.611877930352030     },
    {-4.565362877161100E-002,  -1.121685358243798E-003,   -0.113610077682186,         9.268672744959865E-002,   -8.781998309770648E-004,   -2.157690239580032E-005,   -2.185419948037707E-003,    1.782935345342593E-003,   -1.987451915749356E-003,   -4.883063568204007E-005,   -4.945818604419468E-003,    4.034956672464811E-003,    0.611877930352029,         1.503351505620461E-002,    1.52267193363907,         -1.24224436236335      },
    { 1.297712760874943E-002,   2.496299106821120E-004,    5.649368477576728E-004,   -0.173927422568727,         2.496299106821120E-004,    4.801917202782622E-006,    1.086720722016326E-005,   -3.345693151058203E-003,    5.649368477576728E-004,    1.086720722016326E-005,    2.459355040472874E-005,   -7.571630086949746E-003,   -0.173927422568727,        -3.345693151058203E-003,   -7.571630086949746E-003,    2.33108198003732      }
};


